# flywheel 2
canID = 26
inverted = false

# SPARK motor pid
kp = 0.000123
ki = 0.01233
kiZone = 1000
kd = 0.0
maxVel = 4000
minVel = -650
maxAccel = 200
allowedError = 50
