# flywheel 1
canID = 25
inverted = false
kp = 0.000000625
ki = 0.000000325
kiZone = 2000
kd = 0.0
value = "this is a string"
maxVel = 6500
minVel = -6500
maxAccel = 6500
allowedError = 50
